# Manual Extract of the window size necessary to split the full slide into tiles where each tile contains one individual core.
# The splitting was not perfect due to the cores being sometimes shifted from their original position

windows = {"TMA52": 100, "TMA53": 100,"TMA51": 100,"TMA58":100  ,"TMA59": 60,"TMA54": 40,"TMA63": 100,"TMA55":100,
           "TMA60":100, "TMA44":100, "TMA45":75}



# Manual Extraction of the cores that were analysed for the shallow learning approach
areas_keep = {
    "TMA52": [0,1,2,3,4,5,6,9,10,11,12,13,14,15,16,17,18,19,20,21,22,23,24,25,26,27,28,29,30,31, 33,34,35,36,37,38,39,42,43,44,45,46,47,
    49,50,51,52,53,54,55,56,58,59,60,61,62,63,64,64,65,66,68,69,70,71,72,74,75,76,77,78,79,80,83,84,85,86,87],
    "TMA53": [0,1,2,3,4,5,6,8,9,11,12,13,14,15, 16,17,18,19,20,21,22,23,24,25,26,29,30,31,32,34,36,37,39,40,41,42,43,44,45,46,47,49,52,53,54,55,56,57,58,59,60,61,62,63,64,65,66,68,69,70,71,
    72,73,74,75,76,77,78],
    "TMA51": [1,2,3,5,8,9,13,14,16,17,19,23,24,25,26,27,28,29,30,32,33,38,39,40,41,42,45,48,49,52,53,55,56,57,58,59,60,61,62,63,
    65,66, 69, 70, 71,73,74,77,78, 79,81, 82, 83, 85,86,87],
    "TMA58":[1, 2, 3, 4, 5, 6, 8, 9, 10, 11, 12, 14, 15,19, 20, 21, 22, 23,24, 25, 27, 28,
    32, 34, 35, 36, 37, 38, 39,40, 41, 42, 44, 45, 47,48, 49, 50, 51, 52, 53, 54,56, 57,58,59,60,61,63,64,65,67,68,69,70,72,73,76,77,78,79,80,82,83,84,85,86,87,
    88],
    "TMA59": [0,1,4,5,6,8,9,11,12,13,14,15,16,18,19,20,21,22,23,25,29,30,31,32,33,34,35,36,38,39,40,41,42,43,44,45,46,47,50,51,52,53,54,55,56,57,58,59,60,61,62,63,
    64,65,66,67,68,69,70,71,72,73,74,75,76,77,78,79],
    "TMA54": [0,1,2,3,4,5,6,7,8,9,10,11,12,13,14,15,16,17,18,20,21,22,23,24,25,26,27,28,29,30,31,33,34,35,36,37,38,39,40,41,42,43,44,45,46,
    47,48,49,50,51,52,53,54,55,57,59,60,61,63,64,65,66,67,68,69,70,71,74,75],
    "TMA63": [0,1,2,3,4,5,6,9,10,11,12,13,14,15,16,18,19,20,22,23,24,25,26,27,31,32,33,34,35,36,38,
    41,42,43,44,49,50,51,52,54,55],
    "TMA55":[1,2,4,5,6,8,9,10,11,12,13,14,16,17,18,19,20,21,24,25,26,28,29,32,33,34,35,36,37,38,40,41,45,48,49,50,53,55,
    56,57,58,60,61,62], 
    "TMA60":[0,1,2,3,4,5,6,8,9,10,11,12,13,14,15,16,17,18,19,20,21,22,23,24,25,26,27,28,30,32,34,35,36,37,38,39,41,43,44,45,46,47,48,49,51,52,53,54,
    56,57,59,60,62,62,63,65,66,67,68,69,70], 
    "TMA44":[0,2,4,5,9,13,14,15,16,19,20,21,22,23,24,25,26,27,28,29,30,32,33,34,48,49,50,52,56,58,59,61,63,64], 
    "TMA45":[
    0,1,2,3,4,9,11,12,13,14,15,16,18,19,20,21,23,26,27,30,31,32,33,35,37,41,46,47,48,49,50,51,53,54,55,56,57,62,63]}
